function M = molar_masses()

%   CH4, H2O, O2,  N2,  Ar,  CO,  CO2, H2,  NH3
M = [0.01604276 0.01801528 0.0319988 0.02801348 0.039948 0.0280104 0.0440098 0.00201588 0.01703056]';

end